100
-0.0535505 -0.550948
0.633683 -0.00209749
0.651303 0.362903
0.43576 -0.0745353
-0.431468 -0.245172
0.207023 -0.666653
-0.256641 0.251143
-0.281532 0.733916
-0.358072 0.125458
-0.176093 0.16991
-0.496758 0.446999
-0.0532985 0.818286
-0.386758 0.446084
0.554145 0.0300002
-0.560534 -0.56869
-0.475203 -0.282841
-0.761414 -0.117184
0.283776 -0.69868
-0.0591808 0.244764
-0.229723 -0.745876
0.0978318 0.162218
0.390747 -0.594169
-0.88901 0.149295
-0.528808 -0.241454
0.410061 0.0628605
0.11848 -0.816384
0.32278 -0.237776
0.499055 -0.434888
0.240586 0.0314063
0.145917 -0.753423
0.251591 -0.414511
-0.314518 -0.773889
-0.525984 -0.124795
0.280261 -0.454877
0.466417 0.347668
-0.341916 0.790683
-0.515923 0.648599
-0.59988 -0.252994
0.925938 0.0405003
-0.268882 -0.0229738
-0.926045 -0.134497
-0.412065 0.206832
0.0060333 -0.00872642
0.552018 0.0546956
0.542 0.242886
0.157809 -0.464482
0.325729 0.637441
0.0221133 0.226997
-0.483614 -0.260026
-0.267961 0.532209
0.517942 0.471893
-0.655067 0.202735
0.748558 0.583189
0.652484 0.70082
0.454478 -0.54917
-0.0332907 0.719135
0.892767 -0.166735
0.256824 -0.281547
0.192601 0.466705
0.538798 0.114685
-0.595882 -0.266895
-0.3981 0.566195
0.24747 0.478399
-0.194436 -0.0252248
0.607804 -0.513748
0.266015 0.687106
-0.333192 0.166005
-0.607073 0.600437
-0.00171602 0.488949
-0.529629 -0.197433
-0.12143 0.049893
0.12511 0.387572
0.0538691 0.81358
0.0531162 -0.931364
0.0306643 -0.848894
0.69366 0.320353
0.491975 0.298187
0.51013 0.307275
-0.909953 -0.288905
0.442466 -0.327546
-0.0616129 -0.853756
-0.334406 -0.0258726
-0.341341 0.567255
-0.348767 0.54055
-0.546267 0.156712
-0.788121 0.191619
-0.297009 0.17854
-0.11141 -0.309644
-0.484587 -0.506612
-0.673487 0.0702823
-0.0413507 0.0300927
0.324322 0.802485
0.451988 -0.156153
0.566154 0.326212
0.282336 -0.495443
-0.0103869 0.116686
-0.0497423 0.573861
-0.436044 0.750079
0.244211 -0.548668
-0.343911 -0.0466235
